0   84.2
1   84.2
2   84.0
3   85.6
4   87.2
5   87.1
6   86.8
7   86.7
8   87.5
9   89.1
10  89.8
11  89.8
12  90.4
13  91.7
14  93.1
15  94.3
16  95.8
17	97.5
18	98.7
19	98.9
20	98.3
21	98.3
22	98.8
23	99.0
24	98.8
25	98.2
26	97.7
27	97.6
28	97.7
29	97.2
30	96.2
31	95.2
32	94.9
33	95.0
34	95.3
35	95.5
36	95.2
37	94.9
38	95.3
39	96.3
40	97.1
41	97.4
42	96.7
43	96.5
44	97.9
45	98.9
46	97.6
47	95.4
48	93.8
49	93.0
50	94.6
51	95.8
52	95.7
53	95.9
54	95.7
55	95.9
56	95.8
57	94.6
58	93.0
59	91.9
60	91.7
61	91.7
62	90.8
63	89.3
64	88.1
65	88.7
66	90.2
67	90.8
68	91.2
69	92.4
70	93.2
71	92.8
72	92.5
73	91.7
74	91.2
75	91.6
76	91.2
77	91.7
78	93.2
79	93.3
80	91.8
81	91.2
82	92.4
83	93.8
84	94.5
85	94.5
86	94.9
87	96.2
88	96.6
89	95.8
90	94.7
91	93.4
92	92.7
93	92.9
94	92.6
95	91.9
96	91.2
97	91.9
98	93.9
99	95.3
100	95.2
101	94.5
102	93.8
103	93.2
104	92.2
105	92.1
106	93.6
107	94.8
108	95.1
109	95.2
110	95.5
111	95.0
112	94.5
113	95.5
114	96.4
115	96.6
116	97.0
117	96.8
118	96.3
119	97.4291
120	98.1767
121	97.0148
122	96.044
123	95.9581
124	96.4814
125	96.5211
126	95.3629
127	93.5741
128	92.077
129	90.4094
130	90.1751
131	91.3312
132	91.2883
133	89.0592
134	87.052
135	86.6226
136	85.7889
137	85.6348
138	85.3911
139	83.8064
140	82.8729
141	82.6266
142	82.645
143	82.645
144	82.645
145	82.645
146	82.645
147	82.645
148	82.645
149	82.645
150	82.645
151	95.0292
152	95.6378
153	95.3338
154	94.6154
155	94.717
156	94.4172
157	93.071
158	92.4772
159	92.7607
160	92.308
161	92.0245
162	91.0371
163	90.0865
164	90.1796
165	90.0281
166	90.5564
167	91.7077
168	92.4405
169	92.963
170	93.4589
171	93.75
172	94.2788
173	95.6006
174	96.8981
175	97.4026
176	97.6343
177	98.1152
178	98.7137
179	99.5611
180	100.365
181	100.671
182	100.435
183	99.6052
184	98.4364
185	97.6318
186	97.4026
187	96.6432
188	96.412
189	97.5981
190	98.3932
191	97.9665
192	95.0147
193	92
194	91.2143
195	91.2594
196	92.2747
197	92.9359
198	92.795
199	93.0328
200	93.8005
201	95.0726
202	96.5076
203	97.6244
204	98.0753
205	98.3978
206	99.5744
207	100.568
208	101.201
209	101.996
210	101.752
211	100.957
212	100.026
213	99.6107
214	99.7351
215	98.9231
216	97.2177
217	96.4963
218	96.5062
219	96.5806
220	97.4089
221	98.2353
222	98.3075
223	98.0392
224	97.81
225	97.3384
226	96.8581
227	96.3871
228	97.0965
229	98.543
230	99.571
231	100.383
232	100.548
233	99.8818
234	96.8987
235	95.0382
236	96.0268
237	96.6055
238	96.7742
239	96.4715
240	95.7183
241	94.9637
242	94.7937
243	96.1652
244	97.7082
245	98.0265
246	98.2043
247	98.6236
248	99.1664
249	100.063
250	102.237
251	104.256
252	104.368
253	103.428
254	102.716
255	103.304
256	103.373
257	100.826
258	98.563
259	98.2895
260	98.1599
261	97.0303
262	95.5209
263	94.4763
264	94.4791
265	95.7819
266	97.3151
267	97.3915
268	97.7791
269	99.0609
270	99.2175
271	98.9404
272	99.0606
273	98.7248
274	96.3218
275	93.4816
276	91.8813
277	90.8463
278	92.4127
279	94.2124
280	92.4513
281	92.4513
282	92.4513
283	92.4513
284	89.9078
285	93.5217
286	97.4854
287	99.4921
288	99.4464
289	98.7744
290	96.5739
291	96.1598
292	97.6346
293	97.9628
294	97.8419
295	97.2094
296	96.7742
297	98.1161
298	100.156
299	100.95
300	100.946
301	101.098
302	101.351
303	101.351
304	100.185
305	98.3766
306	97.4133
307	96.6234
308	95.8476
309	94.875
310	93.8442
311	93.3238
312	93.1677
313	92.9124
314	92.795
315	92.963
316	92.7997
317	93.4731
318	94.3396
319	94.6184
320	95.283
321	95.9113
322	95.8599
323	95.9876
324	96.5917
325	96.5684
326	95.6497
327	95.5209
328	95.9115
329	95.2212
330	94.2373
331	93.75
332	93.2315
333	92.4824
334	92.8411
335	95.1926
336	95.1926
337	95.1926
338	95.1926
339	95.1926
340	95.1926
341	95.1926
342	95.1926
343	95.1926
344	95.1926
345	95.1926
346	104.299
347	102.933
348	102.698
349	101.647
350	98.3221
351	96.6484
352	97.8146
353	98.797
354	98.6411
355	96.5556
356	93.9147
357	92.4174
358	92.0825
359	93.2812
360	92.3664
361	90.1977
362	89.9113
363	89.8204
364	90.3604
365	90.7207
366	89.6519
367	87.2386
368	85.2571
369	85.9714
370	88.2143
371	89.2857
372	87.7857
373	86.6695
374	87.9053
375	88.7574
376	89.7532
377	90.8726
378	90.3864
379	87.0231
380	83.496
381	82.9967
382	85.7531
383	87.3753
384	86.2487
385	85.8621
386	85.9744
387	87.5862
388	89.394
389	89.2899
390	89.5466
391	90.5282
392	91.0023
393	91.6818
394	92.9149
395	94.4236
396	95.0212
397	94.5112
398	93.6224
399	93.4402
400	92.7995
401	91.125
402	89.8247
403	91.2112
404	93.5647
405	94.4258
406	95.0425
407	94.4881
408	93.75
409	93.9316
410	94.5385
411	95.4434
412	94.8365
413	93.2778
414	92.4055
415	91.5635
416	90.471
417	90.5367
418	91.5154
419	91.35
420	89.3208
421	88.1802
422	89.1291
423	90.2812
424	92.0564
425	92.9032
426	91.9195
427	90.166
428	87.6693
429	88.0848
430	90.641
431	91.9066
432	93.1219
433	93.1759
434	92.2043
435	91.1155
436	89.5742
437	88.2217
438	88.9623
439	91.1344
440	92.6341
441	93.4775
442	93.9811
443	94.7404
444	95.96
445	97.4116
446	99.7615
447	101.351
448	101.123
449	99.9982
450	97.8726
451	95.4913
452	92.6655
453	90.5932
454	89.6715
455	88.4337
456	89.2376
457	91.185
458	91.5465
459	90.9202
460	90.3614
461	90.3614
462	90.4556
463	90.7428
464	91.4802
465	92.229
466	92.5131
467	92.5926
468	92.5926
469	92.8318
470	93.9316
471	95.473
472	95.7212
473	95.7212
474	95.7212
475	95.7212
476	95.7212
477	95.7212
478	95.7212
479	95.7212
480	95.7212
481	78.5878
482	80.6419
483	82.7255
484	84.3797
485	84.4015
486	83.8636
487	84.614
488	82.012
489	79.5961
490	80.9197
491	82.6967
492	83.5211
493	83.0931
494	83.1381
495	82.847
496	82.1639
497	81.9672
498	82.8698
499	84.281
500	85.252
501	87.4286
502	89.379
503	89.6429
504	89.4782
505	88.5526
506	87.3399
507	86.5774
508	86.4999
509	86.9048
510	87.9264
511	89.9372
512	92.1468
513	92.7059
514	91.0494
515	88.8935
516	88.609
517	87.8714
518	86.2799
519	86.402
520	86.4541
521	86.8316
522	88.0487
523	89.2307
524	88.3874
525	86.6963
526	86.5061
527	87.6658
528	88.9666
529	89.4717
530	90
531	89.759
532	88.8782
533	88.2456
534	87.8337
535	86.9268
536	85.7276
537	84.9399
538	84.4506
539	84.8591
540	85.6838
541	86.0937
542	87.5128
543	89.1146
544	90.1118
545	91.6609
546	92.2972
547	91.818
548	91.3039
549	90.7051
550	90.6616
551	90.6966
552	89.9465
553	88.7994
554	87.9546
555	88.2832
556	89.0664
557	89.2773
558	89.0131
559	87.8902
560	86.615
561	86.2069
562	86.8845
563	87.7769
564	88.0702
565	87.934
566	87.1143
567	86.8784
568	88.0322
569	89.3186
570	89.2497
571	88.2725
572	87.5376
573	86.2341
574	86.1094
575	87.4868
576	87.6115
577	87.6402
578	88.0294
579	87.7412
580	86.6045
581	86.7976
582	88.4143
583	89.1041
584	88.49
585	87.3907
586	86.9502
587	87.0238
588	86.7642
589	85.5504
590	84.0837
591	83.8277
592	85.1986
593	86.8666
594	88.1815
595	88.5214
596	88.2604
597	88.2833
598	88.5444
599	87.6964
600	86.0997
601	85.1549
602	84.7458
603	84.601
604	84.4511
605	84.8366
606	84.4924
607	83.5455
608	83.3333
609	83.9661
610	84.9048
611	85.5223
612	86.5216
613	86.5116
614	85.1722
615	83.7017
616	82.4889
617	82.4781
618	83.5605
619	84.4982
620	84.4787
621	83.9374
622	83.0309
623	83.0251
624	83.9511
625	84.2697
626	84.462
627	85.0841
628	86.1177
629	87.7395
630	89.2835
631	89.9091
632	89.6472
633	89.5488
634	89.6429
635	89.5433
636	89.9871
637	90.3614
638	90.1861
639	89.6683
640	88.7806
641	87.9897
642	88.0348
643	88.4809
644	88.4358
645	87.788
646	87.0264
647	86.5921
648	87.6148
649	89.5664
650	90.4071
651	90.2084
652	90.7208
653	91.4634
654	91.4634
655	91.2892
656	90.2003
657	88.4385
658	87.8571
659	88.73
660	89.5787
661	89.6172
662	89.4611
663	89.6217
664	89.2464
665	89.9466
666	91.4612
667	91.6883
668	92.0912
669	92.3608
670	92.6695
671	94.0669
672	95.8491
673	97.4067
674	98.0392
675	97.6901
676	96.7709
677	95.4989
678	93.4107
679	91.8158
680	91.4155
681	91.0055
682	90.3038
683	89.6129
684	88.8971
685	87.8873
686	88.8736
687	90.1645
688	89.6856
689	89.0598
690	88.2176
691	87.0456
692	86.386
693	87.3176
694	88.9581
695	89.2941
696	88.6277
697	88.5527
698	89.4503
699	90.6981
700	91.6387
701	92.0245
702	90.7537
703	89.5404
704	89.7092
705	89.8204
706	90.0671
707	89.7168
708	88.4504
709	86.9939
710	86.8361
711	87.8331
712	88.5088
713	89.0511
714	89.491
715	89.7583
716	89.8992
717	90.7208
718	91.9061
719	92.4706
720	92.3784
721	91.2628
722	91.0799
723	91.5991
724	91.1545
725	90.9091
726	89.9193
727	88.8435
728	89.0496
729	90.4027
730	90.0043
731	87.7045
732	86.3245
733	85.9961
734	87.1659
735	88.4411
736	88.7701
737	89.0342
738	89.2857
739	89.1906
740	88.9307
741	89.2931
742	89.8204
743	89.5541
744	88.7615
745	88.4901
746	89.0828
747	89.7773
748	90.5215
749	90.1234
750	89.6473
751	90.1592
752	90.3614
753	89.5851
754	88.7831
755	88.6885
756	88.4274
757	89.1963
758	90.1036
759	89.8075
760	89.1613
761	88.07
762	87.9644
763	89.2791
764	90.4605
765	90.9091
766	90.7623
767	90.5455
768	90.6922
769	91.4044
770	91.7982
771	91.1411
772	89.4103
773	88.4734
774	88.7344
775	88.8679
776	89.3994
777	89.5873
778	89.0426
779	88.5714
780	88.8487
781	89.2857
782	89.414
783	89.6048
784	89.2123
785	89.3926
786	90.3217
787	90.8835
788	91.8721
789	92.5926
790	91.8275
791	90.3836
792	89.4953
793	89.0554
794	88.9286
795	89.1589
796	89.2857
797	89.961
798	91.3509
799	92.5522
800	92.8157
801	92.8594
802	92.7812
803	92.6192
804	93.5335
805	93.7162
806	93.1677
807	93.3098
808	93.3055
809	92.0341
810	91.4044
811	92.6381
812	94.3359
813	96.3489
814	97.4026
815	96.8731
816	95.8836
817	95.2817
818	95.3406
819	95.5414
820	95.2923
821	94.3336
822	92.8138
823	91.1825
824	90.8772
825	91.7805
826	92.1951
827	91.8212
828	90.0888
829	88.7574
830	88.9232
831	89.4547
832	88.5462
833	87.0894
834	87.0277
835	87.9529
836	88.9856
837	89.3888
838	89.6429
839	89.5038
840	89.0638
841	88.9286
842	89.2279
843	89.901
844	89.494
845	88.197
846	87.5088
847	87.4847
848	88.4673
849	89.5178
850	89.7783
851	88.7278
852	87.5479
853	87.7595
854	89.2519
855	90.6265
856	90.3744
857	89.4911
858	88.9413
859	89.2634
860	89.9615
861	90.0266
862	89.3284
863	88.2716
864	87.6077
865	87.5701
866	88.7655
867	90.7637
868	91.8658
869	92.2385
870	93.1012
871	95.2137
872	97.6589
873	98.8192
874	99.0411
875	99.577
876	100.37
877	101.296
878	101.23
879	100.632
880	101.282
881	102.162
882	101.918
883	102.4
884	102.282
885	100.893
886	100.826
887	101.166
888	101.292
889	100.616
890	99.706
891	98.7169
892	98.294
893	99.04
894	98.7765
895	98.0392
896	98.2972
897	97.5254
898	95.3411
899	93.3965
900	92.887
901	94.4949
902	95.2611
903	93.6464
904	92.5926
905	91.0979
906	90.2113
907	90.8709
908	89.3208
909	87.7193
910	87.7193
911	87.7193
912	87.7193
913	87.7193
914	87.7193
915	81.3612
916	83.0021
917	85.316
918	88.7399
919	91.2032
920	92.125
921	93.2808
922	95.3589
923	97.5611
924	99.749
925	101.791
926	102.422
927	102.893
928	103.057
929	102.09
930	100.888
931	100.353
932	100.163
933	99.3671
934	99.058
935	99.9618
936	100.132
937	99.6859
938	99.6253
939	99.2
940	99.4211
941	100.309
942	100.644
943	100.491
944	100.156
945	100.4
946	100.8
947	100.314
948	100.903
949	100.886
950	100.79
951	102.5
952	103.605
953	104.545
954	104.247
955	103.788