0 60.4839
1 60.4839
2 60.4606
3 60.3391
4 60.0762
5 59.2526
6 58.6644
7 59.1295
8 59.6737
9 60.776
10 61.5625
11 60.6983
12 60.7558
13 64.6925
14 69.0724
15 71.9005
16 72.0397
17 69.9949
18 67.3286
19 65.0251
20 64.196
21 62.906
22 61.0068
23 59.2666
24 57.7952
25 56.9915
26 57.7653
27 58.2358
28 57.462
29 56.8552
30 57.5159
31 58.1395
32 59.7941
33 61.4044
34 59.9769
35 58.5938
36 58.4807
37 58.3667
38 59.4716
39 60.6531
40 59.8142
41 58.8616
42 58.3032
43 57.7376
44 59.0713
45 60.7129
46 59.9371
47 58.7462
48 58.88
49 59.2274
50 78.9969
51 80.1322
52 85.1569
53 92.6192
54 98.9292
55 100.3316
56 112.5066
57 120.8541
58 128.0235
59 120.0317
60 125.5427
61 59.0702
62 60.1878
63 61.398
64 60.8681
65 60.2508
66 59.8853
67 59.5267
68 61.4931
69 63.4416
70 62.7021
71 61.8881
72 61.2607
73 61.0743
74 63.0375
75 64.1869
76 62.7235
77 61.3585
78 60.3748
79 60.123
80 61.1067
81 61.4131
82 60.6693
83 59.8359
84 58.8983
85 58.4954
86 58.84
87 58.7827
88 57.9908
89 57.4153
90 57.1968
91 57.2415
92 58.6048
93 59.761
94 59.761
95 59.713
96 59.36
97 59.1294
98 59.8438
99 60.5134
100 78.9969
101 80.1322
102 85.1569
103 92.6192
104 98.9292
105 100.3316
106 112.5066
107 120.8541
108 128.0235
109 120.0317
110 125.5427
111 57.5578
112 58.2759
113 59.3021
114 58.2397
115 56.5677
116 56.0478
117 55.8389
118 56.3327
119 57.5214
120 57.7319
121 56.752
122 56.2391
123 56.4511
124 56.8755
125 58.5736
126 59.7802
127 58.4061
128 57.3096
129 58.2112
130 59.0858
131 60.0461
132 60.8849
133 59.4668
134 58.1395
135 57.3717
136 56.6038
137 58.0981
138 59.7962
139 57.0875
140 53.7779
141 53.2026
142 52.9207
143 53.2363
144 54.4014
145 55.0021
146 54.2143
147 53.5714
148 53.1278
149 52.6579
150 78.9969
151 80.1322
152 85.1569
153 92.6192
154 98.9292
155 100.3316
156 112.5066
157 120.8541
158 128.0235
159 120.0317
160 125.5427
161 56.7335
162 56.3062
163 56.5466
164 57.1923
165 58.136
166 59.5208
167 59.4585
168 57.8551
169 56.5946
170 55.4498
171 55.0704
172 56.768
173 58.0007
174 56.916
175 55.9701
176 56.927
177 57.8995
178 59.0864
179 60.3708
180 59.6069
181 58.6618
182 58.5938
183 58.5938
184 59.7925
185 61.2334
186 59.8108
187 57.9193
188 57.6039
189 57.4934
190 58.202
191 59.2282
192 58.7332
193 57.5972
194 57.3177
195 57.4274
196 58.3052
197 59.9339
198 59.9747
199 58.5678
200 78.9969
201 80.1322
202 85.1569
203 92.6192
204 98.9292
205 100.3316
206 112.5066
207 120.8541
208 128.0235
209 120.0317
210 125.5427
211 60.6485
212 60.6485
213 67.6856
214 66.6344
215 64.1643
216 61.2452
217 58.8926
218 56.8621
219 55.6961
220 54.7802
221 55.0272
222 57.1501
223 58.5938
224 58.5938
225 58.5177
226 58.1784
227 58.0373
228 58.8417
229 59.4919
230 59.2576
231 58.9056
232 57.4679
233 56.1798
234 55.2931
235 54.3771
236 55.044
237 55.9599
238 55.732
239 55.0144
240 54.4091
241 53.6326
242 53.5106
243 55.324
244 56.7978
245 56.4785
246 56.1798
247 56.1798
248 56.1798
249 56.6043
250 78.9969
251 80.1322
252 85.1569
253 92.6192
254 98.9292
255 100.3316
256 112.5066
257 120.8541
258 128.0235
259 120.0317
260 125.5427
261 54.7967
262 54.1099
263 53.5714
264 55.2613
265 56.9927
266 56.6617
267 56.2345
268 56.1026
269 55.9978
270 56.7467
271 58.0585
272 59.0418
273 59.8654
274 59.661
275 58.6103
276 58.0304
277 57.8068
278 58.1631
279 59.3169
280 59.1779
281 57.163
282 55.6535
283 54.4542
284 53.613
285 55.3444
286 57.0342
287 56.354
288 55.6147
289 55.634
290 55.7373
291 56.9777
292 58.9772
293 59.761
294 59.761
295 59.4835
296 59.0148
297 59.5554
298 60.8814
299 60.6109
300 78.9969
301 80.1322
302 85.1569
303 92.6192
304 98.9292
305 100.3316
306 112.5066
307 120.8541
308 128.0235
309 120.0317
310 125.5427
311 60.4024
312 58.9955
313 58.0438
314 58.8481
315 59.7759
316 61.5266
317 62.8091
318 61.9088
319 61.4031
320 62.0408
321 62.7885
322 63.5897
323 63.0432
324 60.8724
325 59.3718
326 58.5611
327 58.3785
328 58.953
329 58.8467
330 57.7195
331 57.0972
332 57.3157
333 57.797
334 59.4258
335 60.4136
336 59.0068
337 57.8981
338 57.7868
339 57.7668
340 58.8011
341 59.6668
342 58.1954
343 56.8182
344 56.0227
345 55.1872
346 56.0489
347 57.211
348 56.8123
349 55.8544
350 78.9969
351 80.1322
352 85.1569
353 92.6192
354 98.9292
355 100.3316
356 112.5066
357 120.8541
358 128.0235
359 120.0317
360 125.5427
361 61.0785
362 61.1829
363 59.3885
364 58.2216
365 58.5636
366 58.7104
367 58.1448
368 57.5035
369 55.9301
370 54.5455
371 55.2008
372 55.9132
373 56.8119
374 57.8966
375 57.9016
376 57.5675
377 57.8215
378 58.3827
379 59.9466
380 62.2953
381 62.7598
382 61.9784
383 61.3605
384 60.8607
385 61.6014
386 62.7496
387 61.5266
388 59.7759
389 59.7759
390 59.7759
391 59.7759
392 59.7759
393 59.7759
394 59.7759
395 68.1561
396 65.9924
397 63.8354
398 64.0985
399 64.7563
400 65.6233
401 65.6696
402 63.4755
403 61.79
404 61.286
405 61.0796
406 61.3295
407 61.0777
408 60.2204
409 59.9816
410 60.4655
411 61.8744
412 64.2611
413 65.0487
414 64.3489
415 63.6846
416 63.1459
417 64.2304
418 65.509
419 63.5289
420 61.3481
421 60.0222
422 58.8565
423 59.4447
424 59.9933
425 59.8738
426 59.7842
427 60.2681
428 60.7832
429 61.5391
430 62.6242
431 65.2877
432 68.0929
433 69.5204
434 71.9423
435 74.219
436 74.8015
437 74.5426
438 74.3579
439 72.3716
440 69.6291
441 69.6291
442 69.6291
443 69.6291
444 69.6291
445 69.6291
446 69.6291
447 69.6291
448 57.9088
449 57.3433
450 78.9969
451 80.1322
452 85.1569
453 92.6192
454 98.9292
455 100.3316
456 112.5066
457 120.8541
458 128.0235
459 120.0317
460 125.5427
461 59.0628
462 57.5799
463 56.7533
464 56.2213
465 56.4739
466 57.7857
467 58.118
468 56.7022
469 55.6139
470 54.8087
471 54.1516
472 55.7583
473 57.4182
474 57.279
475 57.0604
476 56.6214
477 56.0893
478 56.0364
479 56.1412
480 56.7784
481 57.9854
482 57.7764
483 55.9521
484 54.9986
485 55.2013
486 55.5173
487 57.2537
488 58.7614
489 57.6515
490 56.6038
491 56.5042
492 56.3978
493 57.5616
494 59.0104
495 57.9877
496 56.3285
497 55.6421
498 55.1296
499 55.6222
500 57.1072
501 57.5017
502 56.4252
503 55.508
504 54.4126
505 53.5714
506 54.2527
507 54.9396
508 56.2356
509 57.8329
510 57.4891
511 56.6148
512 56.8604
513 57.6224
514 58.4822
515 59.5246
516 59.2525
517 57.8785
518 57.0591
519 56.6286
520 56.5287
521 56.9592
522 56.9711
523 55.7174
524 54.7709
525 55.5941
526 56.391
527 57.3866
528 58.488
529 58.2079
530 57.7572
531 58.1312
532 58.6968
533 59.7994
534 61.1254
535 60.1677
536 58.4998
537 57.5101
538 56.6358
539 56.8421
540 57.6041
541 57.4094
542 56.4369
543 55.6283
544 54.719
545 54.1831
546 54.38
547 54.5455
548 54.9319
549 55.3345
550 78.9969
551 80.1322
552 85.1569
553 92.6192
554 98.9292
555 100.3316
556 112.5066
557 120.8541
558 128.0235
559 120.0317
560 125.5427
561 55.1839
562 56.1798
563 55.0103
564 53.8021
565 53.4151
566 52.9418
567 52.9477
568 53.2297
569 53.6157
570 54.703
571 55.4947
572 54.4073
573 53.3808
574 53.3043
575 53.2097
576 54.0745
577 55.6743
578 56.0844
579 55.3615
580 54.8734
581 54.5748
582 54.3738
583 55.1849
584 55.9701
585 54.8205
586 53.5258
587 53.2601
588 53.0714
589 53.2563
590 53.9284
591 54.2507
592 53.6725
593 53.1915
594 53.6293
595 54.1094
596 55.4613
597 57.343
598 57.9151
599 57.9151
600 58.2297
601 58.7997
602 59.5544
603 60.5147
604 59.769
605 57.5831
606 55.9076
607 54.2961
608 53.619
609 54.9137
610 55.8924
611 53.949
612 52.0833
613 53.2857
614 54.9193
615 56.4026
616 58.2549
617 58.6306
618 57.8387
619 58.1461
620 59.6524
621 60.5407
622 60.6631
623 60.2078
624 59.1403
625 59.6862
626 62.169
627 62.9842
628 61.9422
629 61.1051
630 60.4879
631 61.0874
632 62.4795
633 62.0452
634 60.653
635 59.5734
636 58.6358
637 58.6684
638 59.1298
639 58.1089
640 56.2424
641 55.7029
642 56.015
643 56.9855
644 59.3834
645 60.8404
646 60.4731
647 60.2866
648 60.4081
649 60.7278
650 61.3501
651 61.1296
652 59.7929
653 58.9117
654 58.5671
655 58.6169
656 59.3145
657 59.0208
658 56.9181
659 55.4396
660 54.8357
661 54.3478
662 56.2133
663 58.1092
664 57.7312
665 57.2874
666 57.4334
667 57.6536
668 58.7308
669 60.1266
670 59.9409
671 59.2266
672 58.3195
673 57.3091
674 57.7376
675 58.8647
676 59.2885
677 59.2885
678 58.702
679 57.6837
680 57.0453
681 56.6148
682 56.62
683 57.2707
684 57.5153
685 56.8647
686 56.4217
687 56.6353
688 56.8729
689 58.5843
690 60.2314
691 59.9914
692 59.7534
693 59.5172
694 59.2943
695 60.0144
696 60.7209
697 60.477
698 60.19
699 58.9157
700 57.6923
701 58.0156
702 58.3523
703 58.9964
704 59.694
705 58.6369
706 57.3824
707 57.0784
708 56.8616
709 57.8305
710 59.3019
711 59.6803
712 59.5618
713 59.3682
714 59.1339
715 59.5066
716 60.221
717 60.1728
718 59.6928
719 59.0864
720 58.3942
721 58.4659
722 59.0404
723 60.0216
724 61.369
725 60.953
726 59.2581
727 58.4037
728 58.0644
729 58.9078
730 60.942
731 61.1113
732 59.5314
733 58.8235
734 58.8235
735 59.63
736 61.3385
737 62.1013
738 61.8452
739 61.2099
740 60.3457
741 60.6722
742 61.7925
743 61.4075
744 60.1676
745 59.0008
746 57.8559
747 58.4094
748 60.0382
749 60.6553
750 60.5328
751 59.8315
752 58.7724
753 58.9588
754 60.0179
755 60.4839
756 60.4839
757 59.9244
758 58.9793
759 59.2416
760 60.4325
761 60.834
762 60.5881
763 59.9244
764 58.9793
765 58.9763
766 59.6794
767 60.1982
768 60.5626
769 60.1224
770 59.0549
771 58.5345
772 58.4205
773 58.3658
774 58.3658
775 58.1385
776 57.5816
777 57.6063
778 58.7423
779 59.6659
780 60.1459
781 61.0484
782 62.8577
783 63.5802
784 62.3932
785 60.8384
786 59.0439
787 58.6459
788 59.8181
789 60.4295
790 60.308
791 59.5595
792 58.0649
793 57.5348
794 58.3206
795 59.4118
796 61.25
797 62.0968
798 61.0887
799 60.3335
800 59.972
801 60.3197
802 61.6892
803 61.89
804 60.64
805 59.7694
806 59.297
807 60.8584
808 60.8584
809 60.8584
810 60.8584
811 60.8584
812 60.8584
813 67.076
814 65.9269
815 66.218
816 65.9885
817 65.4113
818 63.991
819 62.5026
820 64.6271
821 67.6483
822 70.9062
823 74.1669
824 75.4733
825 74.1486
826 71.386
827 68.7906
828 66.447
829 65.2925
830 64.573
831 64.4343
832 62.8719
833 60.8036
834 59.2217
835 57.8369
836 57.5429
837 57.6534
838 58.7667
839 60.6583
840 60.6586
841 59.3327
842 58.6917
843 58.4628
844 57.9634
845 57.1896
846 56.9067
847 57.1235
848 56.8608
849 55.6071
850 78.9969
851 80.1322
852 85.1569
853 92.6192
854 98.9292
855 100.3316
856 112.5066
857 120.8541
858 128.0235
859 120.0317
860 125.5427
861 59.3613
862 59.0112
863 58.3078
864 57.0916
865 56.2673
866 55.8496
867 55.6414
868 56.2727
869 56.8741
870 59.2027
871 61.4574
872 61.2075
873 60.631
874 60.631
875 60.631
876 60.631
877 60.631
878 60.631
879 60.631
880 53.2401
881 53.9123
882 54.6208
883 56.5167
884 58.0953
885 57.5427
886 57.0342
887 57.2475
888 57.466
889 57.8684
890 58.3157
891 58.4606
892 58.5746
893 57.8137
894 56.8187
895 55.8548
896 54.7268
897 54.8137
898 55.8352
899 56.4259
900 56.5323
901 56.3285
902 55.005
903 53.9568
904 54.6425
905 55.3394
906 55.775
907 56.2953
908 56.6871
909 57.1176
910 56.7498
911 55.9016
912 55.2947
913 54.6908
914 54.5062
915 55.2134
916 55.7327
917 55.3242
918 54.9451
919 54.856
920 54.7558
921 55.244
922 55.9616
923 56.7285
924 57.7084
925 57.8118
926 57.1512
927 56.8182
928 56.8182
929 56.8772
930 57.094
931 56.9619
932 55.3144
933 53.9568
934 54.1429
935 54.3384
936 54.9513
937 55.7625
938 55.2505
939 54.0512
940 53.4692
941 53.1853
942 53.0871
943 53.9576
944 54.7445
945 55.977
946 57.3404
947 56.523
948 55.3609
949 55.2778